Optimized phase shift combination (BFGS) [in radians]: [-0.98164162 -0.22501033  0.56933003  1.41205893  2.31571023 -2.98058673
 -1.87505291 -0.63648729 -1.11203532 -0.26000259  0.62690581  1.55607247
  2.54025919 -2.68433338 -1.53794446 -0.32984534 -1.05956331 -0.15146374
  0.78731978  1.76664186  2.80057547 -2.38111857 -1.21768764 -0.03624618
 -0.92989208  0.01119375  0.9837633   1.9988105   3.0701224  -2.08173037
 -0.91317639  0.24216104 -0.77271169  0.19037478  1.18784612  2.23257393
 -2.94761464 -1.79332854 -0.62721283  0.50109251 -0.61493686  0.36240341
  1.37911857  2.4508235  -2.69872635 -1.52524723 -0.36691214  0.73170963
 -0.4825616   0.50068744  1.53058502  2.62661596 -2.48971081 -1.29580195
 -0.14929016  0.9136056  -0.41174286  0.56020113  1.58605998  2.69625028
 -2.38086598 -1.15485474 -0.02151992  0.99567321]
Optimized phase shift combination (BFGS) [in degrees]: [ -56.24392175  -12.89214227   32.62020783   80.90501693  132.68042253
 -170.77504006 -107.43261805  -36.46803535  -63.71493071  -14.89705126
   35.91905689   89.15638537  145.54613024 -153.80097331  -88.11772651
  -18.89874599  -60.70850584   -8.67823278   45.11010045  101.22112249
  160.46115481 -136.42804437  -69.76836258   -2.07675292  -53.27889132
    0.64135481   56.36548533  114.52340545  175.90505608 -119.27436401
  -52.32115284   13.87480545  -44.27311871   10.90767148   68.05856922
  127.91706358 -168.8858783  -102.75015687  -35.93664804   28.71048581
  -35.23328651   20.76418601   79.01767362  140.42184279 -154.62562984
  -87.39022896  -21.02251687   41.92387373  -27.64874287   28.6872773
   87.6960616   150.49400897 -142.64992153  -74.24398311   -8.55369637
   52.34574502  -23.59112826   32.09716066   90.87454319  154.48376181
 -136.41357251  -66.16830247   -1.23300037   57.04787285]
Optimized max data rate (BFGS): 16.148491637079534
Optimized phase shift combination (SLSQP) [in radians]: [2.22783311 2.98571018 3.78028588 4.62182773 5.52472839 0.21990866
 1.33593277 2.56691166 2.09816058 2.94699534 3.8353717  4.76467276
 5.75396997 0.51865901 1.67681613 2.88175878 2.14543235 3.06080647
 3.99782222 4.97801664 6.0114061  0.83689594 1.98965393 3.17321809
 2.28552224 3.22194198 4.19055837 5.21142293 0.         1.13148866
 2.29583801 3.44910986 2.43412151 3.39946194 4.39590529 5.43973349
 0.26011432 1.41542503 2.58185659 3.70939217 2.59822343 3.57366397
 4.59240916 5.65722034 0.50986164 1.68294996 2.84247364 3.94020108
 2.7266286  3.7105283  4.73907098 5.83407638 0.71073478 1.91941785
 3.06181668 4.12405652 2.79543342 3.7693093  4.79623071 5.90294744
 0.83981955 2.05081621 3.18993166 4.20522832]
Optimized phase shift combination (SLSQP) [in degrees]: [127.64543488 171.06859231 216.59442622 264.81122265 316.54361966
  12.59983791  76.54330963 147.07320454 120.21574592 168.85039551
 219.75061119 272.99563998 329.67819455  29.71697207  96.07448734
 165.11261545 122.92421908 175.37129282 229.05834047 285.21934386
 344.42819832  47.95060514 113.99877275 181.812004   130.95077814
 184.60367755 240.10130861 298.59253906   0.          64.82952489
 131.54182819 197.61943779 139.46488956 194.77482182 251.86682012
 311.67377048  14.9034525   81.09788025 147.92948606 212.53251595
 148.86723689 204.75586261 263.12566257 324.13484942  29.21291993
  96.42592977 162.86174287 225.75689235 156.22431097 212.59761147
 271.52876617 334.26795415  40.72210326 109.97454218 175.42917343
 236.29103325 160.16653696 215.96551469 274.80377721 338.21397475
  48.1181158  117.50311335 182.76962089 240.94183444]
Optimized max data rate (SLSQP): 16.148484363401774
Identity matrix data rate: 14.332546125532257